242
1
2
3
4
5
6
7
8
9
10
11
12
13
14
15
16
17
18
19
20
21
22
23
24
25
26
27
28
29
30
31
32
33
34
35
36
37
38
39
40
41
42
43
44
45
46
47
48
49
50
51
52
53
54
55
56
57
58
59
60
61
62
63
64
65
66
67
68
69
70
71
72
73
74
75
76
77
78
79
80
81
82
83
84
85
86
87
88
89
90
91
92
93
94
95
96
97
98
99
100
101
102
103
104
105
106
107
108
109
110
111
112
113
114
115
116
117
118
119
120
121
122
123
124
125
126
127
128
129
130
131
132
133
134
135
136
137
138
139
140
141
142
143
144
145
146
147
148
149
150
151
152
153
154
155
156
157
158
159
160
161
162
163
164
165
166
167
168
169
170
171
172
173
174
175
176
177
178
179
180
181
182
183
184
185
186
187
188
189
190
191
192
193
194
195
196
197
198
199
200
201
202
203
204
205
206
207
208
209
210
211
212
213
214
215
216
217
218
219
220
221
222
223
224
225
226
227
228
229
230
231
232
233
234
235
236
237
238
239
240
241
242
751
8 146
80 205
93 229
5 232
63 236
59 140
92 125
100 169
76 128
118 240
62 181
102 230
83 173
16 206
100 131
68 146
86 159
101 166
83 183
12 177
53 154
1 224
92 147
9 241
15 174
19 137
23 162
28 202
78 155
42 125
111 186
78 168
79 124
42 164
24 220
50 237
63 166
48 199
115 209
47 201
62 199
97 201
65 220
76 132
71 233
55 152
107 220
90 128
38 142
83 146
104 200
53 233
40 123
75 211
71 235
107 174
30 134
53 171
120 231
98 151
33 202
50 210
102 203
86 158
15 160
12 158
39 199
56 232
68 149
71 177
106 213
87 195
2 209
11 189
87 175
27 159
73 123
23 153
114 205
60 167
6 199
7 139
64 190
103 135
8 154
31 237
16 163
73 141
70 146
94 122
51 225
49 233
42 208
28 175
100 173
89 214
88 191
59 124
89 127
94 241
31 236
112 210
63 185
27 143
54 197
11 205
57 167
113 176
24 140
26 193
56 239
42 168
16 187
114 215
36 240
57 138
117 144
94 142
1 220
83 229
118 224
93 139
114 167
48 161
79 212
79 220
74 239
106 160
34 217
88 166
5 180
59 127
78 153
68 228
3 159
35 172
91 125
80 217
21 164
120 239
19 188
31 146
102 153
100 211
51 178
98 134
2 175
18 179
79 132
86 135
49 134
113 167
48 136
58 153
29 210
71 222
49 135
109 232
111 154
22 132
21 229
92 219
93 181
65 155
35 149
9 221
55 197
119 235
50 182
4 192
77 237
55 131
84 122
94 154
82 125
114 239
14 156
1 185
52 234
100 218
110 143
57 128
104 168
3 147
84 163
45 138
114 186
86 138
17 145
109 195
51 197
6 233
50 171
13 204
120 227
39 172
53 223
81 238
2 227
80 179
18 195
7 203
32 211
62 173
66 127
39 137
13 200
45 181
115 136
77 224
32 130
62 214
19 209
29 225
15 187
57 136
56 241
78 239
98 222
69 186
69 209
48 135
22 217
58 127
15 165
93 225
87 173
118 188
28 152
51 126
52 139
12 197
58 154
55 177
14 238
37 189
102 171
99 216
8 157
35 228
66 159
48 162
80 127
57 136
108 209
92 241
92 158
4 191
117 145
117 159
14 127
20 145
63 144
116 154
24 150
27 224
46 201
35 225
16 212
68 168
80 200
6 206
108 130
109 161
100 228
109 123
55 197
45 186
38 197
48 167
18 162
102 149
73 216
113 184
43 176
75 224
59 128
21 232
17 131
82 167
4 124
11 179
108 164
115 133
54 206
18 172
57 187
40 225
38 152
95 189
44 200
50 187
41 214
108 181
69 155
105 206
71 200
74 241
67 153
28 157
92 222
47 134
83 135
92 216
113 180
40 194
97 238
118 141
22 206
88 128
52 215
77 193
51 226
110 146
46 134
91 166
106 130
43 167
10 153
72 141
95 233
33 228
44 136
9 179
71 211
84 180
28 236
82 141
60 231
52 130
58 169
12 149
86 158
49 140
107 198
15 228
51 162
93 223
2 153
96 216
79 218
45 159
87 157
12 125
52 146
104 141
67 133
91 149
67 229
70 176
25 176
109 226
49 165
97 151
7 157
24 152
3 214
71 155
26 174
39 126
65 224
93 223
61 190
107 123
94 140
5 161
66 204
70 162
37 140
65 168
110 160
67 192
29 133
13 181
1 163
55 187
86 133
48 164
107 241
50 194
34 158
35 138
40 223
14 233
28 131
23 198
84 142
110 227
27 168
115 170
88 192
120 200
111 125
84 136
50 192
107 143
43 241
11 167
40 156
57 162
57 152
50 157
93 124
46 182
96 142
102 180
66 217
78 218
41 203
118 143
70 145
34 149
37 199
9 235
94 135
3 145
32 132
108 200
77 229
29 212
73 241
34 216
20 211
117 212
119 203
33 180
43 230
3 152
61 204
27 132
37 140
105 211
86 174
1 205
24 212
65 162
9 142
34 153
18 137
9 170
29 155
82 149
93 133
34 165
22 189
3 212
91 207
45 211
30 176
111 206
17 239
108 155
52 177
42 173
80 199
119 145
112 141
68 188
71 145
75 167
76 182
61 152
114 205
100 206
20 183
71 169
110 193
84 179
46 229
55 175
57 201
17 213
74 166
20 222
22 142
10 130
35 131
86 236
119 128
66 175
116 167
71 240
73 127
27 231
68 222
69 210
59 203
84 200
58 129
21 184
14 209
84 195
24 223
49 228
61 126
19 227
115 211
107 184
30 179
71 146
105 234
103 212
88 137
76 144
105 227
68 172
11 204
115 190
14 167
3 140
26 170
44 188
68 128
86 133
99 211
67 161
105 235
74 175
93 176
94 225
101 192
85 215
80 125
36 197
33 158
120 136
16 176
15 209
67 193
93 195
74 209
82 183
96 142
97 137
13 162
20 238
80 123
99 197
26 183
43 207
86 177
107 156
116 188
81 155
13 187
99 142
104 203
90 224
35 190
41 180
118 229
43 123
73 161
106 233
101 206
100 189
8 156
64 211
58 219
71 168
93 226
13 122
17 212
94 169
85 176
85 189
34 228
96 229
25 238
47 241
29 142
92 133
19 154
68 179
118 183
19 156
79 130
22 178
113 145
90 157
2 224
10 176
6 211
13 135
94 181
110 216
85 123
5 211
19 176
115 207
27 206
50 186
55 142
27 228
107 148
106 129
103 202
11 137
38 191
96 142
107 123
82 193
27 138
28 145
37 202
56 154
22 195
25 142
26 147
111 218
29 186
89 216
71 225
93 132
85 170
107 149
116 227
40 130
49 229
14 238
12 220
8 233
43 146
10 205
99 124
23 194
17 144
37 182
78 201
60 229
88 194
20 240
22 147
67 157
76 178
5 179
36 169
54 128
86 167
3 162
30 230
119 182
99 137
65 240
24 160
106 223
12 233
45 148
68 189
40 231
24 124
110 174
42 189
78 172
26 182
63 145
39 141
90 155
89 193
1 161
58 136
86 168
66 189
76 172
66 173
50 132
40 191
102 195
65 190
118 127
53 188
73 239
43 140
100 181
117 180
105 190
7 238
114 162
25 161
51 165
108 160
30 233
65 151
71 133
77 126
87 205
25 180
119 191
101 168
18 168
12 134
45 218
91 125
59 171
52 233
72 146
95 234
87 176
111 169
63 200
42 217
112 212
50 153
91 182
2 157
80 216
18 204
9 241
91 178
36 165
22 154
6 239
102 143
114 149
110 199
56 208
117 197
91 151
30 161
107 199
28 206
49 209
3 137
113 168
18 193
17 229
92 182
120 233
93 210
90 166
42 199
120 211
9 164
4 226
120 183
74 215
105 160
74 231
19 240
49 170
92 173
87 159
90 195
12 123
33 136
36 142
14 236
106 178
58 178
8 192
3 128
